<?xml version="1.0"?>
<opencv_storage>
<calibration_Time>"11/23/15 14:37:47"</calibration_Time>
<nrOfFrames>2</nrOfFrames>
<image_Width>388</image_Width>
<image_Height>273</image_Height>
<board_Width>8</board_Width>
<board_Height>6</board_Height>
<square_Size>30.</square_Size>
<FixAspectRatio>1.</FixAspectRatio>
<!-- flags:  +fix_aspectRatio +fix_principal_point +zero_tangent_dist -->
<flagValue>14</flagValue>
<Camera_Matrix type_id="opencv-matrix">
  <rows>3</rows>
  <cols>3</cols>
  <dt>d</dt>
  <data>
    3.6874429631879337e+002 0. 1.9350000000000000e+002 0.
    3.6874429631879337e+002 136. 0. 0. 1.</data></Camera_Matrix>
<Distortion_Coefficients type_id="opencv-matrix">
  <rows>5</rows>
  <cols>1</cols>
  <dt>d</dt>
  <data>
    -3.9624515661518744e-001 5.0823884146477394e-001 0. 0.
    -3.2740698165318693e-001</data></Distortion_Coefficients>
<Avg_Reprojection_Error>1.6859106558673786e+000</Avg_Reprojection_Error>
<Per_View_Reprojection_Errors type_id="opencv-matrix">
  <rows>2</rows>
  <cols>1</cols>
  <dt>f</dt>
  <data>
    3.32844466e-001 2.36089063e+000</data></Per_View_Reprojection_Errors>
<!-- a set of 6-tuples (rotation vector + translation vector) for each view -->
<Extrinsic_Parameters type_id="opencv-matrix">
  <rows>2</rows>
  <cols>6</cols>
  <dt>d</dt>
  <data>
    -3.1205948637958572e-002 -4.9808526435071769e-002
    2.1174180948446659e-002 -9.5442750216856766e+001
    -8.1628453760794756e+001 3.5427855004830855e+002
    -4.9548283082572767e-002 -8.2230781186034274e-001
    3.9119194001587053e-002 -9.9207985261522907e+001
    -7.9533256709135841e+001 4.1006393970622054e+002</data></Extrinsic_Parameters>
<!-- a set of 6-tuples (rotation vector + translation vector) for each view -->
<dsdsdsds>2</dsdsdsds>
<Image_points type_id="opencv-matrix">
  <rows>2</rows>
  <cols>48</cols>
  <dt>"2f"</dt>
  <data>
    9.84754791e+001 5.44886322e+001 1.28290070e+002 5.44871063e+001
    1.58257935e+002 5.49657173e+001 1.88447311e+002 5.57388496e+001
    2.18428650e+002 5.66081581e+001 2.47593826e+002 5.76978302e+001
    2.75956909e+002 5.97797089e+001 3.03528717e+002 6.16199913e+001
    9.64172592e+001 8.36263504e+001 1.26273033e+002 8.43746490e+001
    1.56465729e+002 8.45071640e+001 1.86689667e+002 8.54733505e+001
    2.17980408e+002 8.64381714e+001 2.47667191e+002 8.73490219e+001
    2.76430511e+002 8.87125320e+001 3.04410706e+002 9.01767807e+001
    9.54106445e+001 1.14216797e+002 1.25272659e+002 1.14484833e+002
    1.55506561e+002 1.15219604e+002 1.86418991e+002 1.15852463e+002
    2.16769501e+002 1.16556755e+002 2.47164352e+002 1.17403664e+002
    2.76470337e+002 1.17911606e+002 3.04573090e+002 1.19472603e+002
    9.42353973e+001 1.44498611e+002 1.24290581e+002 1.45381714e+002
    1.54706924e+002 1.46301224e+002 1.85541733e+002 1.46598694e+002
    2.16448471e+002 1.47348740e+002 2.46572540e+002 1.47553741e+002
    2.76216309e+002 1.47991272e+002 3.04457550e+002 1.48869064e+002
    9.35116348e+001 1.75075775e+002 1.23467758e+002 1.76387527e+002
    1.54275101e+002 1.76841278e+002 1.85325607e+002 1.77501862e+002
    2.15766632e+002 1.77763657e+002 2.46178162e+002 1.78185394e+002
    2.75557159e+002 1.78214249e+002 3.03537445e+002 1.77713028e+002
    9.34695282e+001 2.05275269e+002 1.23458572e+002 2.06530426e+002
    1.53558517e+002 2.07502151e+002 1.84526657e+002 2.07867813e+002
    2.15406326e+002 2.08610046e+002 2.45520203e+002 2.08311050e+002
    2.74469330e+002 2.07545746e+002 3.01913300e+002 2.07297180e+002
    1.07761925e+002 6.73226013e+001 1.27816551e+002 7.16664581e+001
    1.46296921e+002 7.53413315e+001 1.64590591e+002 7.88028183e+001
    1.80733673e+002 8.22629318e+001 1.95536240e+002 8.55562820e+001
    2.13862396e+002 8.93710251e+001 2.14195908e+002 8.94298553e+001
    1.06070366e+002 9.23475266e+001 1.26459000e+002 9.52667236e+001
    1.45517639e+002 9.80494919e+001 1.64422226e+002 1.02352608e+002
    1.80472900e+002 1.04288109e+002 1.95370361e+002 1.07145721e+002
    2.15255692e+002 1.09535797e+002 2.15354462e+002 1.09539856e+002
    1.04986427e+002 1.18673767e+002 1.25467667e+002 1.20743759e+002
    1.44686569e+002 1.22973457e+002 1.63281113e+002 1.24210175e+002
    1.79956833e+002 1.26413399e+002 1.94921860e+002 1.27813156e+002
    2.16454895e+002 1.29548416e+002 2.17053528e+002 1.29590012e+002
    1.04014748e+002 1.45440170e+002 1.24976868e+002 1.46410934e+002
    1.44268845e+002 1.47485153e+002 1.61589462e+002 1.48395798e+002
    1.79501038e+002 1.49210983e+002 1.94626862e+002 1.49527237e+002
    2.08517242e+002 1.50064484e+002 2.23258484e+002 1.50345718e+002
    1.03484505e+002 1.71002060e+002 1.24444908e+002 1.70955460e+002
    1.43593643e+002 1.70765976e+002 1.61473389e+002 1.70565475e+002
    1.79475494e+002 1.70526077e+002 1.94412094e+002 1.70511734e+002
    2.07580002e+002 1.70400085e+002 2.21111053e+002 1.69720016e+002
    1.03377365e+002 1.98533813e+002 1.24135132e+002 1.96513489e+002
    1.43443680e+002 1.95637924e+002 1.61280212e+002 1.94990906e+002
    1.79300095e+002 1.93566635e+002 1.94261780e+002 1.92376999e+002
    2.07468887e+002 1.91349716e+002 2.20566055e+002 1.90362457e+002</data></Image_points>
</opencv_storage>
